Dataset   Configuration   Ground Truth   Wavelength   PSNR_mean   PSNR_std   SSIM_mean   SSIM_std   MSSSIM_mean   MSSSIM_std   IWSSIM_mean   IWSSIM_std   VIF_mean   VIF_std   FSIM_mean   FSIM_std   GMSD_mean   GMSD_std   MSGMSD_mean   MSGMSD_std   HAARPSI_mean   HAARPSI_std   UQI_mean   UQI_std   S3IM_mean   S3IM_std   TV_mean   TV_std   BRISQUE_mean   BRISQUE_std   CLIP-IQA_mean   CLIP-IQA_std
-------------------------------------------------------------------------------------------------------------------------------------------------------------------------------------------------------------------------------------------------------------------------------------------------------------------------------------------------------------------------------------------------------------
pa_experiment_data             PA2             PA1             ---        17.8038    14.6622 0.1993     0.19    0.4463     0.1315  0.2674     0.1738  0.0758     0.2176  nan        nan     0.2095     0.051   0.2128     0.0509  0.2995     0.1691  nan        nan     nan        nan     19.3241    1.3203  33.4482    1.3603  0.1954     0.027   
pa_experiment_data             PA3             PA1             ---        19.603     14.2464 0.2347     0.1829  0.4991     0.1187  0.3252     0.1607  0.09       0.2143  nan        nan     0.1997     0.0486  0.2024     0.0483  0.3274     0.1633  nan        nan     nan        nan     18.3354    1.3916  36.4023    1.7912  0.1911     0.0312  
pa_experiment_data             PA4             PA1             ---        20.8344    13.9655 0.2588     0.1783  0.5354     0.1101  0.3668     0.1503  0.1019     0.2116  nan        nan     0.1924     0.0468  0.1947     0.0465  0.3466     0.1585  nan        nan     nan        nan     17.9383    1.4164  36.8286    2.3649  0.1894     0.0343  
pa_experiment_data             PA5             PA1             ---        22.4736    13.591  0.295      0.1719  0.5839     0.0987  0.4265     0.1371  0.1248     0.2067  nan        nan     0.1858     0.0458  0.1866     0.0448  0.3721     0.1532  nan        nan     nan        nan     17.8287    1.4709  40.83      5.647   0.1849     0.0402  
pa_experiment_data             PA6             PA1             ---        24.9217    13.0391 0.3542     0.1597  0.6478     0.0856  0.5096     0.1203  0.1629     0.1986  nan        nan     0.178      0.0476  0.1767     0.0449  0.4068     0.1504  nan        nan     nan        nan     18.2435    1.8444  52.2162    18.4887 0.2399     0.0398  
pa_experiment_data             PA7             PA1             ---        27.4427    12.5109 0.4381     0.1471  0.7103     0.0804  0.5923     0.1099  0.2044     0.1915  nan        nan     0.1782     0.0473  0.1739     0.0445  0.4372     0.1418  nan        nan     nan        nan     19.82      1.9891  65.3595    16.6661 0.2451     0.054   
pa_experiment_data             PA2             PA1             ---        15.5985    6.8389  0.1675     0.1494  0.3948     0.1752  0.2893     0.1702  0.1212     0.1141  nan        nan     0.2921     0.0457  0.2824     0.0453  0.1622     0.101   nan        nan     nan        nan     36.7535    12.0639 39.4771    25.5353 0.2273     0.0619  
pa_experiment_data             PA3             PA1             ---        18.8419    7.7461  0.2533     0.2182  0.4939     0.2182  0.374      0.2018  0.1623     0.1396  nan        nan     0.2694     0.0566  0.259      0.0564  0.2189     0.1373  nan        nan     nan        nan     32.1337    11.0007 53.7807    39.3255 0.2135     0.0591  
pa_experiment_data             PA4             PA1             ---        21.7248    8.3626  0.3405     0.2833  0.5763     0.2368  0.454      0.2289  0.1987     0.1534  nan        nan     0.2443     0.0735  0.2343     0.0717  0.2793     0.1809  nan        nan     nan        nan     28.7486    10.1374 61.6266    37.4909 0.2111     0.0595  
pa_experiment_data             PA5             PA1             ---        25.3623    9.2021  0.4635     0.3322  0.6746     0.2466  0.5635     0.2633  0.2535     0.1743  nan        nan     0.2075     0.0921  0.1989     0.0883  0.37       0.2315  nan        nan     nan        nan     25.3818    9.845   70.371     34.6509 0.2044     0.0588  
pa_experiment_data             PA6             PA1             ---        29.551     9.2516  0.5991     0.3374  0.7713     0.2228  0.6748     0.2631  0.3239     0.1948  nan        nan     0.1654     0.0999  0.159      0.0947  0.4803     0.2639  nan        nan     nan        nan     22.2294    8.9991  79.2609    25.9725 0.2039     0.061   
pa_experiment_data             PA7             PA1             ---        33.422     8.728   0.7442     0.2851  0.8624     0.1804  0.7741     0.2326  0.403      0.2091  nan        nan     0.1198     0.0902  0.1167     0.0854  0.6001     0.2628  nan        nan     nan        nan     19.5387    8.0698  89.1613    23.4216 0.2018     0.0633  
pa_experiment_data             PA2             PA1             ---        9.3993     3.208   0.0846     0.0337  0.1649     0.1122  0.0989     0.0953  0.0449     0.0264  nan        nan     0.3223     0.0201  0.3167     0.0186  0.0503     0.0406  nan        nan     nan        nan     68.7714    24.2674 26.8081    7.0176  0.3011     0.0553  
pa_experiment_data             PA3             PA1             ---        13.7618    3.8026  0.1172     0.0703  0.2548     0.1421  0.1595     0.1256  0.0759     0.0424  nan        nan     0.3229     0.0194  0.3147     0.0225  0.0767     0.0518  nan        nan     nan        nan     48.4243    14.2701 34.2737    17.918  0.2685     0.0571  
pa_experiment_data             PA4             PA1             ---        16.8401    4.5551  0.1628     0.1233  0.3383     0.1604  0.212      0.1418  0.1035     0.0539  nan        nan     0.3139     0.0341  0.3033     0.0361  0.1037     0.0639  nan        nan     nan        nan     38.7692    10.7001 42.1294    26.2697 0.2351     0.0609  
pa_experiment_data             PA5             PA1             ---        20.432     4.8034  0.2308     0.1535  0.4463     0.1605  0.2868     0.1397  0.1508     0.0795  nan        nan     0.2962     0.0403  0.2828     0.0408  0.1406     0.0675  nan        nan     nan        nan     31.1724    7.7633  56.3754    31.5317 0.1843     0.0586  
pa_experiment_data             PA6             PA1             ---        26.8553    6.7276  0.4366     0.2689  0.6549     0.2025  0.4666     0.1849  0.2311     0.1169  nan        nan     0.2307     0.0728  0.2176     0.0696  0.2596     0.1292  nan        nan     nan        nan     22.8796    9.0891  88.1078    39.1624 0.1717     0.0575  
pa_experiment_data             PA7             PA1             ---        33.1562    7.5152  0.6771     0.2687  0.8276     0.1675  0.6784     0.2139  0.3206     0.1383  nan        nan     0.1529     0.0875  0.1446     0.0816  0.4461     0.2067  nan        nan     nan        nan     17.1422    8.839   105.7309   22.3449 0.1907     0.0633  
pa_experiment_data             PA2             PA1             ---        19.5811    20.0763 0.3033     0.462   0.4181     0.3906  0.3453     0.4201  0.2117     0.2957  nan        nan     0.248      0.155   0.2419     0.1511  0.272      0.4089  nan        nan     nan        nan     37.806     22.7731 41.2039    45.3075 0.2321     0.0899  
pa_experiment_data             PA3             PA1             ---        21.8334    19.7975 0.3087     0.4595  0.457      0.365   0.3753     0.4042  0.2402     0.3116  nan        nan     0.2397     0.1533  0.233      0.1485  0.2956     0.4209  nan        nan     nan        nan     32.3968    18.8209 40.9754    43.8281 0.2084     0.0658  
pa_experiment_data             PA4             PA1             ---        23.8786    19.8959 0.3155     0.4557  0.4938     0.3423  0.409      0.3902  0.2638     0.3233  nan        nan     0.2321     0.152   0.2242     0.1462  0.3176     0.4338  nan        nan     nan        nan     29.1989    16.6328 41.8914    41.3862 0.2568     0.0852  
pa_experiment_data             PA5             PA1             ---        26.3821    18.9609 0.3335     0.4444  0.5488     0.3106  0.4557     0.3609  0.3031     0.3288  nan        nan     0.2217     0.1458  0.2123     0.1393  0.3389     0.4215  nan        nan     nan        nan     26.1132    14.2923 49.8183    37.5516 0.2517     0.1136  
pa_experiment_data             PA6             PA1             ---        30.2193    17.9014 0.4085     0.4099  0.6467     0.2665  0.543      0.3185  0.3597     0.3176  nan        nan     0.2015     0.1365  0.1915     0.1294  0.3867     0.4031  nan        nan     nan        nan     22.1993    11.7648 74.8094    43.0726 0.2983     0.1314  
pa_experiment_data             PA7             PA1             ---        34.8946    20.1378 0.514      0.4309  0.7324     0.246   0.6359     0.3139  0.4513     0.3726  nan        nan     0.1721     0.1501  0.163      0.1416  0.4752     0.4472  nan        nan     nan        nan     18.7986    11.8382 88.4147    44.7573 0.297      0.1792  
